162.01  98.00   98.00   98.00   162.01 
162.01  98.00   20.00   98.00   162.01 
162.01  98.00   98.00   98.00   162.01 
5.01    5.01    5.01    5.01    5.01   
162.01  5.01    5.01    5.01    162.01 
162.01  5.01    20.00   5.01    162.01 
162.01  5.01    5.01    5.01    162.01 
162.01  162.09  162.09  162.09  162.01 
164.03  164.01  164.01  164.01  164.02 
# slice
98.00   0.00    0.00    0.00    98.00  
98.00   0.00    0.00    0.00    98.00  
98.00   0.00    0.00    0.00    98.00  
5.01    5.01    5.01    5.01    5.01   
5.01    0.00    0.00    0.00    5.01   
5.01    0.00    0.00    0.00    5.01   
5.01    0.00    0.00    0.00    5.01   
162.05  5.05    5.05    5.05    162.05 
164.03  0.00    0.00    0.00    164.02 
# slice
197.01  0.00    0.00    0.00    98.00  
197.09  0.00    0.00    0.00    20.00  
98.00   0.00    0.00    0.00    98.00  
5.01    5.01    5.01    5.01    5.01   
197.01  0.00    0.00    0.00    5.01   
197.09  0.00    0.00    0.00    20.00  
5.01    0.00    0.00    0.00    5.01   
162.05  5.05    5.05    5.05    162.05 
164.03  0.00    0.00    0.00    164.02 
# slice
98.00   0.00    0.00    0.00    98.00  
98.00   0.00    0.00    0.00    98.00  
98.00   0.00    0.00    0.00    98.00  
5.01    5.01    5.01    5.01    5.01   
5.01    0.00    0.00    0.00    5.01   
5.01    0.00    0.00    0.00    5.01   
5.01    0.00    0.00    0.00    5.01   
162.05  5.05    5.05    5.05    162.05 
164.03  0.00    0.00    0.00    164.02 
# slice
162.01  98.00   98.00   98.00   162.01 
162.01  98.00   20.00   98.00   162.01 
162.01  98.00   98.00   98.00   162.01 
5.01    5.01    5.01    5.01    5.01   
162.01  5.01    5.01    5.01    162.01 
162.01  5.01    20.00   5.01    162.01 
162.01  5.01    5.01    5.01    162.01 
162.01  162.09  162.09  162.09  162.01 
164.03  164.00  164.00  164.00  164.00 
# slice
