162.01  5.01    5.01    5.01    162.01 
162.01  20.00   20.00   20.00   162.01 
162.01  5.01    5.01    5.01    162.01 
162.01  162.09  162.09  162.09  162.01 
162.01  5.01    5.01    5.01    162.01 
162.01  5.01    20.00   5.01    162.01 
162.01  5.01    5.01    5.01    162.01 
162.01  162.09  162.09  162.09  162.01 
# slice
5.01    0.00    0.00    0.00    5.01   
5.01    0.00    0.00    0.00    5.01   
5.01    0.00    0.00    0.00    5.01   
162.05  5.05    5.05    5.05    162.05 
5.01    0.00    0.00    0.00    5.01   
20.00   0.00    0.00    0.00    5.01   
5.01    0.00    0.00    0.00    5.01   
162.05  5.05    5.05    5.05    162.05 
# slice
197.01  0.00    0.00    0.00    5.01   
197.09  0.00    0.00    0.00    20.00  
5.01    0.00    0.00    0.00    5.01   
162.05  5.05    5.05    5.05    162.05 
5.01    0.00    0.00    0.00    5.01   
20.00   0.00    0.00    0.00    20.00  
5.01    0.00    0.00    0.00    5.01   
162.05  5.05    5.05    5.05    162.05 
# slice
5.01    0.00    0.00    0.00    5.01   
5.01    0.00    0.00    0.00    5.01   
5.01    0.00    0.00    0.00    5.01   
162.05  5.05    5.05    5.05    162.05 
5.01    0.00    0.00    0.00    5.01   
20.00   0.00    0.00    0.00    5.01   
5.01    0.00    0.00    0.00    5.01   
162.05  5.05    5.05    5.05    162.05 
# slice
162.01  5.01    5.01    5.01    162.01 
162.01  5.01    20.00   5.01    162.01 
162.01  5.01    5.01    5.01    162.01 
162.01  162.09  162.09  162.09  162.01 
162.01  5.01    197.02  5.01    162.01 
162.01  5.01    197.09  5.01    162.01 
162.01  5.01    5.01    5.01    162.01 
162.01  162.09  162.09  162.09  162.01 
# slice
0.00    0.00    0.00    0.00    0.00   
0.00    0.00    0.00    0.00    0.00   
0.00    0.00    0.00    0.00    0.00   
162.05  5.05    5.05    5.05    162.05 
188.00  0.00    0.00    0.00    188.00 
0.00    0.00    0.00    0.00    0.00   
0.00    0.00    0.00    0.00    0.00   
0.00    0.00    0.00    0.00    0.00   
# slice
0.00    0.00    0.00    0.00    0.00   
0.00    0.00    0.00    0.00    0.00   
0.00    0.00    0.00    0.00    0.00   
162.05  5.05    5.05    5.05    162.05 
188.00  0.00    0.00    0.00    188.00 
0.00    0.00    0.00    0.00    0.00   
0.00    0.00    0.00    0.00    0.00   
0.00    0.00    0.00    0.00    0.00   
# slice
162.01  0.00    0.00    0.00    162.01 
162.01  0.00    0.00    0.00    162.01 
162.01  0.00    0.00    0.00    162.01 
162.01  162.09  162.09  162.09  162.01 
162.01  188.00  188.00  188.00  162.01 
0.00    0.00    0.00    0.00    0.00   
0.00    0.00    0.00    0.00    0.00   
0.00    0.00    0.00    0.00    0.00   
# slice
