0.00    155.00  155.00  155.00  155.00  155.00  155.00  155.00 
0.00    155.00  155.00  155.00  155.00  155.00  155.00  155.00 
0.00    155.00  155.00  155.00  155.00  155.00  155.00  155.00 
0.00    155.00  155.00  155.00  155.00  155.00  155.00  155.00 
0.00    155.00  155.00  155.00  155.00  155.00  155.00  155.00 
0.00    155.00  155.00  155.00  155.00  155.00  155.00  155.00 
0.00    155.00  155.00  155.00  155.00  155.00  155.00  155.00 
0.00    155.00  155.00  155.00  155.00  155.00  155.00  155.00 
# slice
0.00    197.03  0.00    0.00    0.00    0.00    0.00    155.00 
0.00    197.08  0.00    0.00    0.00    0.00    0.00    155.00 
0.00    156.02  0.00    0.00    0.00    0.00    0.00    155.00 
0.00    155.00  5.05    5.05    5.05    5.05    5.05    155.00 
0.00    160.07  0.00    0.00    0.00    0.00    0.00    155.00 
0.00    160.07  0.00    0.00    0.00    0.00    0.00    155.00 
0.00    160.07  0.00    0.00    0.00    0.00    0.00    155.00 
0.00    155.00  5.05    5.05    5.05    5.05    5.05    155.00 
# slice
0.00    197.03  0.00    0.00    0.00    0.00    0.00    155.00 
0.00    197.09  0.00    0.00    0.00    0.00    0.00    155.00 
0.00    156.02  0.00    0.00    0.00    0.00    0.00    155.00 
0.00    155.00  5.05    5.05    5.05    5.05    5.05    155.00 
0.00    160.07  0.00    0.00    0.00    0.00    0.00    155.00 
0.00    160.07  0.00    0.00    0.00    0.00    0.00    155.00 
0.00    160.07  0.00    0.00    0.00    0.00    0.00    155.00 
0.00    155.00  5.05    5.05    5.05    5.05    5.05    155.00 
# slice
0.00    155.00  0.00    0.00    0.00    0.00    0.00    155.00 
0.00    155.00  0.00    0.00    0.00    0.00    0.00    155.00 
0.00    155.00  0.00    0.00    0.00    0.00    0.00    155.00 
0.00    155.00  5.05    5.05    5.05    5.05    5.05    155.00 
0.00    160.07  0.00    0.00    0.00    0.00    0.00    155.00 
0.00    160.07  0.00    0.00    0.00    0.00    0.00    155.00 
0.00    160.07  0.00    0.00    0.00    0.00    0.00    155.00 
0.00    155.00  5.05    5.05    5.05    5.05    5.05    155.00 
# slice
0.00    160.07  0.00    0.00    0.00    0.00    0.00    155.00 
0.00    160.07  0.00    0.00    0.00    0.00    0.00    155.00 
0.00    160.07  0.00    0.00    0.00    0.00    0.00    155.00 
0.00    155.00  5.05    5.05    5.05    5.05    5.05    155.00 
0.00    160.07  0.00    0.00    0.00    0.00    0.00    155.00 
0.00    160.07  0.00    0.00    0.00    0.00    0.00    155.00 
0.00    160.07  0.00    0.00    0.00    0.00    0.00    155.00 
0.00    155.00  5.05    5.05    5.05    5.05    5.05    155.00 
# slice
0.00    160.07  0.00    0.00    0.00    0.00    0.00    155.00 
0.00    160.07  0.00    0.00    0.00    0.00    0.00    155.00 
0.00    160.07  0.00    0.00    0.00    0.00    0.00    155.00 
0.00    155.00  5.05    5.05    5.05    5.05    5.05    155.00 
0.00    160.07  26.10   26.02   0.00    0.00    0.00    155.00 
0.00    160.07  0.00    0.00    0.00    0.00    0.00    155.00 
0.00    160.07  0.00    0.00    0.00    0.00    0.00    155.00 
0.00    155.00  5.05    5.05    5.05    5.05    5.05    155.00 
# slice
0.00    160.07  0.00    0.00    0.00    0.00    0.00    155.00 
0.00    160.07  0.00    0.00    0.00    0.00    0.00    155.00 
0.00    160.07  0.00    0.00    0.00    0.00    0.00    155.00 
0.00    155.00  5.05    5.05    5.05    5.05    5.05    155.00 
0.00    160.07  26.10   26.02   0.00    0.00    0.00    155.00 
0.00    160.07  0.00    0.00    0.00    0.00    0.00    155.00 
0.00    160.07  0.00    0.00    0.00    0.00    0.00    155.00 
0.00    155.00  5.05    5.05    5.05    5.05    5.05    155.00 
# slice
0.00    160.07  0.00    0.00    0.00    0.00    0.00    155.00 
0.00    160.07  0.00    0.00    0.00    0.00    0.00    155.00 
0.00    160.07  0.00    0.00    0.00    0.00    0.00    155.00 
0.00    155.00  5.05    5.05    5.05    5.05    5.05    155.00 
0.00    160.07  0.00    0.00    0.00    0.00    0.00    155.00 
0.00    160.07  0.00    0.00    0.00    0.00    0.00    155.00 
0.00    160.07  0.00    0.00    0.00    0.00    0.00    155.00 
0.00    155.00  5.05    5.05    5.05    5.05    5.05    155.00 
# slice
0.00    155.00  160.07  160.07  160.07  160.07  160.07  155.00 
0.00    155.00  160.07  160.07  160.07  160.07  160.07  155.00 
0.00    155.00  160.07  160.07  160.07  160.07  160.07  155.00 
155.00  155.00  155.00  155.00  155.00  155.00  155.00  155.00 
160.07  155.00  160.07  160.07  155.00  0.00    0.00    155.00 
0.00    155.00  160.07  160.07  155.00  0.00    0.00    155.00 
0.00    155.00  160.07  160.07  155.00  0.00    0.00    155.00 
155.00  155.00  155.00  155.00  155.00  155.00  155.00  155.00 
# slice
0.00    0.00    0.00    0.00    0.00    0.00    0.00    0.00   
0.00    0.00    0.00    0.00    0.00    0.00    0.00    0.00   
0.00    0.00    0.00    0.00    0.00    0.00    0.00    0.00   
155.00  5.05    5.05    5.05    5.05    5.05    5.05    155.00 
160.07  0.00    0.00    0.00    0.00    0.00    0.00    160.07 
0.00    0.00    0.00    0.00    0.00    0.00    0.00    0.00   
0.00    0.00    0.00    0.00    0.00    0.00    0.00    0.00   
155.00  5.05    5.05    5.05    5.05    5.05    5.05    155.00 
# slice
0.00    0.00    0.00    0.00    0.00    0.00    0.00    0.00   
0.00    0.00    0.00    0.00    0.00    0.00    0.00    0.00   
0.00    0.00    0.00    0.00    0.00    0.00    0.00    0.00   
155.00  5.05    5.05    5.05    5.05    5.05    5.05    155.00 
160.07  0.00    0.00    0.00    0.00    0.00    0.00    160.07 
0.00    0.00    0.00    0.00    0.00    0.00    0.00    0.00   
0.00    0.00    0.00    0.00    0.00    0.00    0.00    0.00   
155.00  5.05    5.05    5.05    5.05    5.05    5.05    155.00 
# slice
0.00    0.00    0.00    0.00    0.00    0.00    0.00    0.00   
0.00    0.00    0.00    0.00    0.00    0.00    0.00    0.00   
0.00    0.00    0.00    0.00    0.00    0.00    0.00    0.00   
155.00  5.05    5.05    5.05    5.05    5.05    5.05    155.00 
160.07  0.00    0.00    0.00    0.00    0.00    0.00    160.07 
0.00    0.00    0.00    0.00    0.00    0.00    0.00    0.00   
0.00    0.00    0.00    0.00    0.00    0.00    0.00    0.00   
155.00  5.05    5.05    5.05    5.05    5.05    5.05    155.00 
# slice
0.00    0.00    0.00    0.00    0.00    155.00  0.00    0.00   
0.00    0.00    0.00    0.00    0.00    155.00  0.00    0.00   
0.00    0.00    0.00    0.00    0.00    155.00  155.00  0.00   
155.00  155.00  155.00  155.00  155.00  155.00  155.00  155.00 
160.07  160.07  160.07  160.07  160.07  160.07  160.07  160.07 
0.00    0.00    0.00    0.00    0.00    0.00    0.00    0.00   
0.00    0.00    0.00    0.00    0.00    0.00    0.00    0.00   
155.00  155.00  155.00  155.00  155.00  155.00  155.00  155.00 
# slice
