0.00    0.00    0.00    0.00    0.00    0.00    0.00    0.00    0.00    0.00   
0.00    0.00    0.00    0.00    0.00    0.00    0.00    0.00    0.00    0.00   
0.00    0.00    0.00    0.00    0.00    0.00    0.00    0.00    0.00    0.00   
0.00    0.00    0.00    0.00    0.00    0.00    0.00    0.00    0.00    0.00   
0.00    0.00    0.00    0.00    0.00    0.00    0.00    0.00    0.00    0.00   
0.00    0.00    0.00    0.00    0.00    0.00    0.00    0.00    0.00    0.00   
# slice
0.00    0.00    0.00    0.00    0.00    0.00    0.00    0.00    0.00    0.00   
0.00    0.00    0.00    0.00    0.00    0.00    0.00    0.00    0.00    0.00   
0.00    134.00  134.00  134.00  134.00  134.00  134.00  134.00  134.00  0.00   
0.00    0.00    0.00    0.00    0.00    0.00    0.00    0.00    0.00    0.00   
0.00    0.00    0.00    0.00    0.00    0.00    0.00    0.00    0.00    0.00   
0.00    0.00    0.00    0.00    0.00    0.00    0.00    0.00    0.00    0.00   
# slice
0.00    0.00    162.01  5.01    5.01    5.01    5.01    162.01  0.00    0.00   
0.00    0.00    162.01  5.01    20.00   20.00   5.01    162.01  0.00    0.00   
0.00    134.05  162.01  5.01    5.01    5.01    5.01    162.01  134.05  0.00   
0.00    134.00  162.01  134.00  134.00  134.00  134.00  162.01  134.00  0.00   
0.00    0.00    0.00    0.00    0.00    0.00    0.00    0.00    0.00    0.00   
0.00    0.00    0.00    0.00    0.00    0.00    0.00    0.00    0.00    0.00   
# slice
0.00    0.00    5.01    0.00    0.00    0.00    0.00    5.01    0.00    0.00   
0.00    0.00    5.01    0.00    0.00    0.00    0.00    5.01    0.00    0.00   
0.00    0.00    5.01    0.00    0.00    0.00    0.00    5.01    0.00    0.00   
0.00    134.05  162.05  0.00    0.00    0.00    0.00    162.05  134.05  0.00   
0.00    134.00  134.00  134.00  134.00  134.00  134.00  134.00  134.00  0.00   
0.00    0.00    0.00    0.00    0.00    0.00    0.00    0.00    0.00    0.00   
# slice
0.00    0.00    197.05  0.00    0.00    0.00    0.00    5.01    0.00    0.00   
0.00    0.00    197.09  0.00    0.00    0.00    0.00    5.01    0.00    0.00   
0.00    0.00    5.01    0.00    0.00    0.00    0.00    5.01    0.00    0.00   
0.00    0.00    162.05  0.00    0.00    0.00    0.00    162.05  0.00    0.00   
0.00    134.05  5.01    0.00    0.00    0.00    0.00    5.01    134.05  0.00   
0.00    134.00  134.00  134.00  134.00  134.00  134.00  134.00  134.00  0.00   
# slice
0.00    0.00    5.01    0.00    0.00    0.00    0.00    5.01    0.00    0.00   
0.00    0.00    5.01    0.00    0.00    0.00    0.00    5.01    0.00    0.00   
0.00    0.00    5.01    0.00    0.00    0.00    0.00    5.01    0.00    0.00   
0.00    0.00    162.05  0.00    0.00    0.00    0.00    162.05  0.00    0.00   
0.00    0.00    5.01    0.00    0.00    0.00    0.00    5.01    0.00    0.00   
162.09  162.09  162.09  162.09  162.09  162.09  162.09  162.09  162.09  162.09 
# slice
0.00    0.00    5.01    0.00    0.00    0.00    0.00    5.01    0.00    0.00   
0.00    0.00    20.00   0.00    0.00    0.00    0.00    5.01    0.00    0.00   
0.00    0.00    5.01    0.00    0.00    0.00    0.00    5.01    0.00    0.00   
0.00    0.00    162.05  0.00    0.00    0.00    0.00    162.05  0.00    0.00   
0.00    134.04  5.01    0.00    0.00    0.00    0.00    5.01    134.04  0.00   
0.00    134.01  134.01  134.01  134.01  134.01  134.01  134.01  134.01  0.00   
# slice
0.00    0.00    5.01    0.00    0.00    0.00    0.00    5.01    0.00    0.00   
0.00    0.00    5.01    0.00    0.00    0.00    0.00    5.01    0.00    0.00   
0.00    0.00    5.01    0.00    0.00    0.00    0.00    5.01    0.00    0.00   
0.00    134.04  162.05  0.00    0.00    0.00    0.00    162.05  134.04  0.00   
0.00    134.01  134.01  134.01  134.01  134.01  134.01  134.01  134.01  0.00   
0.00    0.00    0.00    0.00    0.00    0.00    0.00    0.00    0.00    0.00   
# slice
0.00    0.00    162.01  5.01    5.01    5.01    5.01    162.01  0.00    0.00   
0.00    0.00    162.01  5.01    20.00   20.00   5.01    162.01  0.00    0.00   
0.00    134.04  162.01  5.01    5.01    5.01    5.01    162.01  134.04  0.00   
0.00    134.01  162.01  134.01  134.01  134.01  134.01  162.01  134.01  0.00   
0.00    0.00    0.00    0.00    0.00    0.00    0.00    0.00    0.00    0.00   
0.00    0.00    0.00    0.00    0.00    0.00    0.00    0.00    0.00    0.00   
# slice
0.00    0.00    0.00    0.00    0.00    0.00    0.00    0.00    0.00    0.00   
0.00    0.00    0.00    0.00    0.00    0.00    0.00    0.00    0.00    0.00   
0.00    134.01  134.01  134.01  134.01  134.01  134.01  134.01  134.01  0.00   
0.00    0.00    0.00    0.00    0.00    0.00    0.00    0.00    0.00    0.00   
0.00    0.00    0.00    0.00    0.00    0.00    0.00    0.00    0.00    0.00   
0.00    0.00    0.00    0.00    0.00    0.00    0.00    0.00    0.00    0.00   
# slice
0.00    0.00    0.00    0.00    0.00    0.00    0.00    0.00    0.00    0.00   
0.00    0.00    0.00    0.00    0.00    0.00    0.00    0.00    0.00    0.00   
0.00    0.00    0.00    0.00    0.00    0.00    0.00    0.00    0.00    0.00   
0.00    0.00    0.00    0.00    0.00    0.00    0.00    0.00    0.00    0.00   
0.00    0.00    0.00    0.00    0.00    0.00    0.00    0.00    0.00    0.00   
0.00    0.00    0.00    0.00    0.00    0.00    0.00    0.00    0.00    0.00   
# slice
